999999999999999999999999999999999999999999999999999999999999999999999999999999999999999999999999999999
976543456894356934598787899987654345788975989659876545679876545323678910349843234568987643234678999879
999874667954249899987656789999943234567899978945989436789985431014567891298652125679997654345899899769
998765789765129768996545698998894375979998767834398957899876542123479999398741014597898995456798789649
969889899871098656987434567896795459899989654321297899986987953457899798965432123456789989579895678939
946997989989987549876545688945789598769878965490986598975499874568988567996543236567899878989976789329
934896578998765432987786799334897987659769896989875457899321965679876456789758345698999867899987993219
926789999129984321098887892123456796548656789876587348968939876898754367899877656999498756789998954349
912498789439865542369998991012345987432545688965432103457892989998766489958998767894397645678999965959
901987678949976693456789984325456964321236567996553212346891099989877568947999878999986434467899899899
923987589898997989569899965487569876320123456789674345456789198978987679536889989998765323346789798759
939876498767899878998999876678679754321234567899789456567899987764298795425678996789877101245895699549
946986597655678964587899987789789869432456679999899767898998976832129896534568945997998992956976987439
957987986544789873245678998899899987543567789789999879999987965431012987645678957895219989897899876569
978999964323799989996899999957989998654678895666798989998976899562423499856989998964329879789998987879
989439876210689898789999987645678998786889934545987690987545678943694678999899989765649967678987898989
994321975434598785678998765434579769997894321234598531298434567894989989989789878976797654569876539399
965439876545987673787999878955697657998976933445987645989324588999878999975654769897986543489954621249
976546987679876562356895999876789346779989894956898959876435679498767899864553656789999854599763210359
998656798789965431246794456989893234567898789897899867987696791298656998753212345678949765679975321239
949878979899876742345693265799932129678987678789902989099989892349847897654101656789439987789896443659
934989768999998656756789124567899098989876575678923492123976989498756798796432767899998798996789554669
923498756789898767897891095789998987998785464589999989939865667999987899987843569999899649345679665679
934987648899769878998992989894397656987674233499988767899754356891099943498998678999789434239798977799
949899867987654989459789878965986749876561012389875649986543204579298932349998789987679520198987999899
998789989998963292345678969899865431987432345678964323497659323459987891239979898765456941997676598999
987678998999854101234599456789984320196544556989985435598987434567896789998766939979877899877545467899
996589987898765229345689345678995431987655688997896546789876547678945899899954323989988998765432356789
984367896789876998956789234569876545698787799126987657894987656889234789669876212395499879875321234679
975456795523989897897895015688987656789898891035898998953799787992123679543995435679324953989710123469
986587954312399756789954134567898787899999932146789659212679898943244568912986546989212492198641245879
997678965323998645678953245678989898998987653299999543103479999999369679101297659899101989965432346799
998789765439876534567894356899877919997999769987878954986568989988978989232398998678913979876543567899
919899886598754723698989567899765101976889898676469799997779879877899994393569876567899867987655778999
909976997679643212889978978987654392985679976544345698999898765456799865484989998456797656499867889289
998965498998754324679868999998789989754598778432123457999939887668899998675679876356789843349879996479
966794329879898765789657899999899878943559654321012346789323998778978919976799964245698321268989996569
945989498768959876898746779889910965432349865432123456999939999989668909897989875349987210346798987679
924567989656845987998634566778934978645657999876545867899898989992456999769878995498765435458896598989
935679877543234598965421075567949989656767989987676789999777678910279885452769896569879546567895439599
946798765432134569876542123467898999767879978998987891098664567891298764321656789678987668978999323459
987897654321045878997654234879967689878999767899498993986543456954349753210134598789999778989998915679
998998765433123456789865678995456567999998753459329989997652367895498754343245789998999889399987897899
999999987543234789899998789766324459210987632678939769898721234976789878964556899876899999249965799999
999989597664345678998999896543212358921296543469998956789643345697996989899967898765689768998764689999
987865498775767789787899976542101267892397656568987643898954456789895498767898999654797653987653478989
976654339896999893556789997653312348953979789679998654567895789896789397656899998743669721299866569879
965432123999989942445988998654733469769869898798889767688976995945679987545788999832459834569989689769
974321012987878931234567898766549579897654929897675978999988954234798995323567896541598998698998997659
986532323996567992546679999877657989998543019976543989432199743102987643101347989692997899987897896549
996543439875459789657889989998768998999432198765431298943987654213498997432345678989876789776786997769
999655568954387678978998776989879987898543459876544367899998865437579876543596789876775497654345789889
998786679543245568989987665678989876987654569987665456898999987656989987698789899765654398545234568999
999898998432123467999988434567898754398965678998986597897898998787894398789899987654321299532123678999
988989876421012378999876423689996543239876789569597678935797889898993239899978998766432987631012349899
976578986532123457898765435999988754045987995453498789324986569999989399999968539878547899653123456789
975456797674356568989876657899876542126898954312349893219876457899878989898754323987656798764236567899
964365699765457879578989767893987863237899967323457954399985345987659976789543212898767899875657678929
943254679876567989469899878952598654346999878765567895987654236999898765678954101789898987986798789219
952123459987878992349765999643459865456998989977988999899865347899999876799765512698999876899899896309
974344598799989101298954987654569876567896490989999999789876498999889988959876434567898935678999975419
965456698678994323987893299876679987678989321298901988676987567899768999931987595678987624989998764329
976567797567895469876779345988998798789679432357919876565699878997656566890199989989876513498999985439
989879986458789598765468996799765679894568999998998767434567989876543345689998767898765402567897986569
998998754348689987654356789987654598943457988789987653323678998765432234567891256798654312478956797879
987899943232459998653247899876543987432349876569998732101789789876741056898910137899765623489345679989
976799867101398998743123989985432196543456977458987654212345689987652167899321238932976784679234567899
945498754212397899654239878976521098654569864356799894323468799876543478985434348953987995789019698949
932349875423986798967498769965433239767898754245989985434568969998786578976545456975699876799998989439
948459865439875457898989659896544359878987643123578976545689457989887899987657567896798997899897878919
956579876545976348999876548797768467989299764574789988756790345976998912398798678987987769998756767899
967890987656987456798765434679879579091019878689998999899891299865789943459899789598986656986543457899
978921399787898567899878323789989692192237989794987876989999987754579896569949895459985439875432598919
989432349898998679999843212678998789989546899895996785678998996533768789798732932369976323996543489329
996545457999879789998765463459769899878987967999875434569987987321245678987641390998893210987665678939
987666568989767997899896584667956999967898958987654323499976543210346789876532989876789921298976789899
998787899578954346798987695778945698656999967999866512989897654321237998997649878435677892349987999789
959899923467895238987899899899234986545689899879998799878789986433348967899998765323456789456798946679
945976412568976546796789998932129876434796789868999988765698976545459459987899765212345898967899234589
936965323689989997989898987893098654321235698657899876424567898757767998976799854301456987988997656799
919878935678998789978987656799989795458445987548999994313688999769878986544569763212567986899498767899
929989546889997679867896545698674989567559876434598764202357899878989985433398654523458975789399978939
998797677996789556756965433987543569698967987321987654312367989989699876521239865664569764899989899129
997698998965998434349894321099691978979878998410198765783878978996598965432356976778678953579878789239
987549579899876510298789532998979899864989988431239989994989569765457986543456989899989432389964678999
998432456789987431989699549867758789753499876543678998899995498974348997656797895988996521299943599989
999901567891298589876578999757645678932349997764589987698932367893239998767898924567895432987832349879
999832456930129679895457987545234567893498779765679876567899456789398899998979413789976659876721356959
987654568921498798784345987432123778975987659878798767457878967899977675679765323999989879985310467949
998789678932349987673235696543234589989898543989899854364567898999866434569895445899898989876323979859
939898789543467898532145987665355678998789691297999993213678999898754323478987656789767899987844598769
923949897654578998683257998996786789987679989456798989902589998769976554567898767898757899997656789899
919234999865989998798768929987898999876545678969987678893467899643498765679959878976545678998767891989
998946789976999989899979214699999998767234567898766567789567998784599986789643989598659789999978942369
987897895987899878989998923910188998652123478997655445678978929865789697999731299498778999876989765459
956789943298998767578997899891277899543244569876543237989989102999893598999954398999899129765599876569
945678932109987656459986789789356998754345978997662147899893219989932349898765997989991019654459997679
934567893219876532398765454568967899865756899598743256789789498878921235789899876878989298763237998989
910788964345965421987654323457898949876767932349654567895689997567890126899998765767878987654176789199
921869895499854210499853212368939134989898901234965678934789876456789234789219873248967999543245891019
932456789987654342398764343459321016799999543349876789124567987267994345678923932123457898754356789239
999999999999999999999999999999999999999999999999999999999999999999999999999999999999999999999999999999